                Mon = "Cookie Crafter [Lv. 2200]"
                LevelQuest = 1
                NameQuest = "CakeQuest1"
                NameMon = "Cookie Crafter"
                CFrameQuest = CFrame.new(-2021.32007, 37.7982254, -12028.7295, 0.957576931, -8.80302053e-08, 0.288177818, 6.9301187e-08, 1, 7.51931211e-08, -0.288177818, -5.2032135e-08, 0.957576931)
            elseif MyLevel == 2225 or MyLevel <= 2249 then
                Mon = "Cake Guard [Lv. 2225]"
                LevelQuest = 2
                NameQuest = "CakeQuest1"
                NameMon = "Cake Guard"
                CFrameQuest = CFrame.new(-2021.32007, 37.7982254, -12028.7295, 0.957576931, -8.80302053e-08, 0.288177818, 6.9301187e-08, 1, 7.51931211e-08, -0.288177818, -5.2032135e-08, 0.957576931)
            elseif MyLevel == 2250 or MyLevel <= 2274 then
                Mon = "Baking Staff [Lv. 2250]"
                LevelQuest = 1
                NameQuest = "CakeQuest2"
                NameMon = "Baking Staff"
                CFrameQuest = CFrame.new(-1927.91602, 37.7981339, -12842.5391, -0.96804446, 4.22142143e-08, 0.250778586, 4.74911062e-08, 1, 1.49904711e-08, -0.250778586, 2.64211941e-08, -0.96804446)
            elseif MyLevel >= 2275 then
                Mon = "Head Baker [Lv. 2275]"
                LevelQuest = 2
                NameQuest = "CakeQuest2"
                NameMon = "Head Baker"
                CFrameQuest = CFrame.new(-1927.91602, 37.7981339, -12842.5391, -0.96804446, 4.22142143e-08, 0.250778586, 4.74911062e-08, 1, 1.49904711e-08, -0.250778586, 2.64211941e-08, -0.96804446)
            end
        end
    end
